agent,trial,episode,cumulativeReward,averageReward,cumulativeSteps,numSteps
PALM,0,0,-1.65,-0.12692307692307692,13.0,13.0
PALM,0,1,-3.3,-0.12692307692307692,26.0,13.0
PALM,0,2,-4.5,-0.30000000000000004,30.0,4.0
PALM,0,3,-5.9,-0.175,38.0,8.0
PALM,0,4,-7.25,-0.19285714285714287,45.0,7.0
PALM,0,5,-8.45,-0.30000000000000004,49.0,4.0
PALM,0,6,-9.85,-0.175,57.0,8.0
PALM,0,7,-11.299999999999999,-0.1611111111111111,66.0,9.0
PALM,0,8,-13.2,-0.10555555555555557,84.0,18.0
PALM,0,9,-14.45,-0.25,89.0,5.0
PALM,0,10,-15.7,-0.25,94.0,5.0
PALM,0,11,-17.6,-0.10555555555555557,112.0,18.0
PALM,0,12,-19.55,-0.10263157894736843,131.0,19.0
PALM,0,13,-21.25,-0.12142857142857144,145.0,14.0
PALM,0,14,-23.1,-0.10882352941176471,162.0,17.0
PALM,0,15,-25.35,-0.09000000000000002,187.0,25.0
PALM,0,16,-27.5,-0.09347826086956523,210.0,23.0
PALM,0,17,-29.5,-0.10000000000000002,230.0,20.0
PALM,0,18,-31.2,-0.12142857142857144,244.0,14.0
PALM,0,19,-33.2,-0.10000000000000002,264.0,20.0
PALM,0,20,-34.900000000000006,-0.12142857142857144,278.0,14.0
PALM,0,21,-37.10000000000001,-0.09166666666666667,302.0,24.0
PALM,0,22,-39.70000000000001,-0.08125000000000002,334.0,32.0
PALM,0,23,-42.30000000000001,-0.08125000000000002,366.0,32.0
PALM,0,24,-44.000000000000014,-0.12142857142857144,380.0,14.0
PALM,0,25,-46.750000000000014,-0.0785714285714286,415.0,35.0
PALM,0,26,-49.100000000000016,-0.08703703703703705,442.0,27.0
PALM,0,27,-50.750000000000014,-0.12692307692307692,455.0,13.0
PALM,0,28,-51.95000000000002,-0.30000000000000004,459.0,4.0
PALM,0,29,-53.15000000000002,-0.30000000000000004,463.0,4.0
PALM,0,30,-55.35000000000002,-0.09166666666666667,487.0,24.0
PALM,0,31,-57.550000000000026,-0.09166666666666667,511.0,24.0
PALM,0,32,-59.10000000000002,-0.1409090909090909,522.0,11.0
PALM,0,33,-60.300000000000026,-0.30000000000000004,526.0,4.0
PALM,0,34,-62.15000000000003,-0.10882352941176471,543.0,17.0
PALM,0,35,-65.95000000000003,-0.06785714285714282,599.0,56.0
PALM,0,36,-67.85000000000004,-0.10555555555555557,617.0,18.0
PALM,0,37,-69.95000000000003,-0.09545454545454547,639.0,22.0
PALM,0,38,-72.75000000000003,-0.07777777777777779,675.0,36.0
PALM,0,39,-74.75000000000003,-0.10000000000000002,695.0,20.0
PALM,0,40,-77.05000000000003,-0.0884615384615385,721.0,26.0
PALM,0,41,-79.00000000000003,-0.10263157894736843,740.0,19.0
PALM,0,42,-80.90000000000003,-0.10555555555555557,758.0,18.0
PALM,0,43,-85.45000000000003,-0.06408450704225345,829.0,71.0
PALM,0,44,-89.15000000000003,-0.06851851851851849,883.0,54.0
PALM,0,45,-91.25000000000003,-0.09545454545454547,905.0,22.0
PALM,0,46,-93.10000000000002,-0.10882352941176471,922.0,17.0
PALM,0,47,-97.30000000000003,-0.06562499999999995,986.0,64.0
PALM,0,48,-99.10000000000002,-0.11250000000000002,1002.0,16.0
PALM,0,49,-100.40000000000002,-0.21666666666666667,1008.0,6.0
PALM,0,50,-102.40000000000002,-0.10000000000000002,1028.0,20.0
PALM,0,51,-104.10000000000002,-0.12142857142857144,1042.0,14.0
PALM,0,52,-105.30000000000003,-0.30000000000000004,1046.0,4.0
PALM,0,53,-109.15000000000002,-0.06754385964912277,1103.0,57.0
PALM,0,54,-110.40000000000002,-0.25,1108.0,5.0
PALM,0,55,-113.35000000000002,-0.07564102564102566,1147.0,39.0
PALM,0,56,-116.80000000000003,-0.0704081632653061,1196.0,49.0
PALM,0,57,-118.75000000000003,-0.10263157894736843,1215.0,19.0
PALM,0,58,-121.30000000000003,-0.08225806451612906,1246.0,31.0
PALM,0,59,-122.70000000000003,-0.175,1254.0,8.0
PALM,0,60,-124.10000000000004,-0.175,1262.0,8.0
PALM,0,61,-126.55000000000004,-0.08448275862068967,1291.0,29.0
PALM,0,62,-130.95000000000005,-0.06470588235294111,1359.0,68.0
PALM,0,63,-132.20000000000005,-0.25,1364.0,5.0
PALM,0,64,-135.55000000000004,-0.07127659574468084,1411.0,47.0
PALM,0,65,-138.45000000000005,-0.07631578947368424,1449.0,38.0
PALM,0,66,-139.85000000000005,-0.175,1457.0,8.0
PALM,0,67,-143.05000000000004,-0.07272727272727274,1501.0,44.0
PALM,0,68,-146.00000000000003,-0.07564102564102566,1540.0,39.0
PALM,0,69,-149.20000000000002,-0.07272727272727274,1584.0,44.0
PALM,0,70,-152.9,-0.06851851851851849,1638.0,54.0
PALM,0,71,-154.3,-0.175,1646.0,8.0
PALM,0,72,-155.70000000000002,-0.175,1654.0,8.0
PALM,0,73,-158.45000000000002,-0.0785714285714286,1689.0,35.0
PALM,0,74,-160.20000000000002,-0.11666666666666667,1704.0,15.0
PALM,0,75,-162.25000000000003,-0.09761904761904763,1725.0,21.0
PALM,0,76,-164.65000000000003,-0.08571428571428573,1753.0,28.0
PALM,0,77,-166.30000000000004,-0.12692307692307692,1766.0,13.0
PALM,0,78,-169.90000000000003,-0.0692307692307692,1818.0,52.0
PALM,0,79,-172.15000000000003,-0.09000000000000002,1843.0,25.0
PALM,0,80,-174.10000000000002,-0.10263157894736843,1862.0,19.0
PALM,0,81,-176.00000000000003,-0.10555555555555557,1880.0,18.0
PALM,0,82,-178.25000000000003,-0.09000000000000002,1905.0,25.0
PALM,0,83,-180.55000000000004,-0.0884615384615385,1931.0,26.0
PALM,0,84,-182.75000000000003,-0.09166666666666667,1955.0,24.0
PALM,0,85,-184.95000000000002,-0.09166666666666667,1979.0,24.0
PALM,0,86,-186.60000000000002,-0.12692307692307692,1992.0,13.0
PALM,0,87,-190.00000000000003,-0.07083333333333332,2040.0,48.0
PALM,0,88,-191.75000000000003,-0.11666666666666667,2055.0,15.0
PALM,0,89,-193.65000000000003,-0.10555555555555557,2073.0,18.0
PALM,0,90,-196.50000000000003,-0.07702702702702706,2110.0,37.0
PALM,0,91,-198.25000000000003,-0.11666666666666667,2125.0,15.0
PALM,0,92,-201.70000000000002,-0.0704081632653061,2174.0,49.0
PALM,0,93,-203.45000000000002,-0.11666666666666667,2189.0,15.0
PALM,0,94,-204.70000000000002,-0.25,2194.0,5.0
PALM,0,95,-207.55,-0.07702702702702706,2231.0,37.0
PALM,0,96,-208.8,-0.25,2236.0,5.0
PALM,0,97,-210.05,-0.25,2241.0,5.0
PALM,0,98,-212.10000000000002,-0.09761904761904763,2262.0,21.0
PALM,0,99,-213.50000000000003,-0.175,2270.0,8.0
PALM,0,100,-216.30000000000004,-0.07777777777777779,2306.0,36.0
PALM,0,101,-219.00000000000003,-0.07941176470588239,2340.0,34.0
PALM,0,102,-222.65000000000003,-0.06886792452830186,2393.0,53.0
PALM,0,103,-226.30000000000004,-0.06886792452830186,2446.0,53.0
PALM,0,104,-229.05000000000004,-0.0785714285714286,2481.0,35.0
PALM,0,105,-231.20000000000005,-0.09347826086956523,2504.0,23.0
PALM,0,106,-232.65000000000003,-0.1611111111111111,2513.0,9.0
PALM,0,107,-235.85000000000002,-0.07272727272727274,2557.0,44.0
PALM,0,108,-237.75000000000003,-0.10555555555555557,2575.0,18.0
PALM,0,109,-239.60000000000002,-0.10882352941176471,2592.0,17.0
PALM,0,110,-242.75000000000003,-0.07325581395348837,2635.0,43.0
PALM,0,111,-246.35000000000002,-0.0692307692307692,2687.0,52.0
PALM,0,112,-249.45000000000002,-0.07380952380952382,2729.0,42.0
PALM,0,113,-250.9,-0.1611111111111111,2738.0,9.0
PALM,0,114,-252.65,-0.11666666666666667,2753.0,15.0
PALM,0,115,-254.5,-0.10882352941176471,2770.0,17.0
PALM,0,116,-257.2,-0.07941176470588239,2804.0,34.0
PALM,0,117,-259.25,-0.09761904761904763,2825.0,21.0
PALM,0,118,-261.9,-0.08030303030303032,2858.0,33.0
PALM,0,119,-264.15,-0.09000000000000002,2883.0,25.0
PALM,0,120,-266.0,-0.10882352941176471,2900.0,17.0
PALM,0,121,-267.95,-0.10263157894736843,2919.0,19.0
PALM,0,122,-269.55,-0.13333333333333333,2931.0,12.0
PALM,0,123,-271.2,-0.12692307692307692,2944.0,13.0
PALM,0,124,-274.25,-0.07439024390243903,2985.0,41.0
PALM,0,125,-276.0,-0.11666666666666667,3000.0,15.0
PALM,0,126,-277.85,-0.10882352941176471,3017.0,17.0
PALM,0,127,-281.1,-0.07222222222222222,3062.0,45.0
PALM,0,128,-283.0,-0.10555555555555557,3080.0,18.0
PALM,0,129,-284.45,-0.1611111111111111,3089.0,9.0
PALM,0,130,-285.84999999999997,-0.175,3097.0,8.0
PALM,0,131,-288.49999999999994,-0.08030303030303032,3130.0,33.0
PALM,0,132,-290.69999999999993,-0.09166666666666667,3154.0,24.0
PALM,0,133,-292.5999999999999,-0.10555555555555557,3172.0,18.0
PALM,0,134,-296.69999999999993,-0.06612903225806446,3234.0,62.0
PALM,0,135,-298.94999999999993,-0.09000000000000002,3259.0,25.0
PALM,0,136,-300.79999999999995,-0.10882352941176471,3276.0,17.0
PALM,0,137,-302.9,-0.09545454545454547,3298.0,22.0
PALM,0,138,-305.54999999999995,-0.08030303030303032,3331.0,33.0
PALM,0,139,-307.34999999999997,-0.11250000000000002,3347.0,16.0
PALM,0,140,-308.59999999999997,-0.25,3352.0,5.0
PALM,0,141,-309.9,-0.21666666666666667,3358.0,6.0
PALM,0,142,-311.79999999999995,-0.10555555555555557,3376.0,18.0
PALM,0,143,-313.99999999999994,-0.09166666666666667,3400.0,24.0
PALM,0,144,-316.24999999999994,-0.09000000000000002,3425.0,25.0
PALM,0,145,-318.1499999999999,-0.10555555555555557,3443.0,18.0
PALM,0,146,-321.3999999999999,-0.07222222222222222,3488.0,45.0
PALM,0,147,-323.24999999999994,-0.10882352941176471,3505.0,17.0
PALM,0,148,-324.54999999999995,-0.21666666666666667,3511.0,6.0
PALM,0,149,-326.04999999999995,-0.15,3521.0,10.0
PALM,0,150,-327.54999999999995,-0.15,3531.0,10.0
PALM,0,151,-330.19999999999993,-0.08030303030303032,3564.0,33.0
PALM,0,152,-333.44999999999993,-0.07222222222222222,3609.0,45.0
PALM,0,153,-334.74999999999994,-0.21666666666666667,3615.0,6.0
PALM,0,154,-336.29999999999995,-0.1409090909090909,3626.0,11.0
PALM,0,155,-338.24999999999994,-0.10263157894736843,3645.0,19.0
PALM,0,156,-339.74999999999994,-0.15,3655.0,10.0
PALM,0,157,-341.8999999999999,-0.09347826086956523,3678.0,23.0
PALM,0,158,-343.6499999999999,-0.11666666666666667,3693.0,15.0
PALM,0,159,-346.8499999999999,-0.07272727272727274,3737.0,44.0
PALM,0,160,-348.3499999999999,-0.15,3747.0,10.0
PALM,0,161,-350.0999999999999,-0.11666666666666667,3762.0,15.0
PALM,0,162,-352.0999999999999,-0.10000000000000002,3782.0,20.0
PALM,0,163,-354.3499999999999,-0.09000000000000002,3807.0,25.0
PALM,0,164,-356.9999999999999,-0.08030303030303032,3840.0,33.0
PALM,0,165,-358.4999999999999,-0.15,3850.0,10.0
PALM,0,166,-360.8499999999999,-0.08703703703703705,3877.0,27.0
PALM,0,167,-362.5499999999999,-0.12142857142857144,3891.0,14.0
PALM,0,168,-365.2499999999999,-0.07941176470588239,3925.0,34.0
PALM,0,169,-368.5999999999999,-0.07127659574468084,3972.0,47.0
PALM,0,170,-371.8499999999999,-0.07222222222222222,4017.0,45.0
PALM,0,171,-373.8999999999999,-0.09761904761904763,4038.0,21.0
PALM,0,172,-375.8499999999999,-0.10263157894736843,4057.0,19.0
PALM,0,173,-378.8499999999999,-0.07500000000000002,4097.0,40.0
PALM,0,174,-381.94999999999993,-0.07380952380952382,4139.0,42.0
PALM,0,175,-384.04999999999995,-0.09545454545454547,4161.0,22.0
PALM,0,176,-386.4,-0.08703703703703705,4188.0,27.0
PALM,0,177,-389.75,-0.07127659574468084,4235.0,47.0
PALM,0,178,-392.6,-0.07702702702702706,4272.0,37.0
PALM,0,179,-395.05,-0.08448275862068967,4301.0,29.0
PALM,0,180,-396.90000000000003,-0.10882352941176471,4318.0,17.0
PALM,0,181,-400.6,-0.06851851851851849,4372.0,54.0
PALM,0,182,-401.95000000000005,-0.19285714285714287,4379.0,7.0
PALM,0,183,-403.25000000000006,-0.21666666666666667,4385.0,6.0
PALM,0,184,-405.6000000000001,-0.08703703703703705,4412.0,27.0
PALM,0,185,-407.75000000000006,-0.09347826086956523,4435.0,23.0
PALM,0,186,-411.25000000000006,-0.06999999999999998,4485.0,50.0
PALM,0,187,-414.80000000000007,-0.06960784313725488,4536.0,51.0
PALM,0,188,-416.8500000000001,-0.09761904761904763,4557.0,21.0
PALM,0,189,-421.1500000000001,-0.0651515151515151,4623.0,66.0
PALM,0,190,-423.4000000000001,-0.09000000000000002,4648.0,25.0
PALM,0,191,-425.4000000000001,-0.10000000000000002,4668.0,20.0
PALM,0,192,-428.05000000000007,-0.08030303030303032,4701.0,33.0
PALM,0,193,-431.05000000000007,-0.07500000000000002,4741.0,40.0
PALM,0,194,-433.8500000000001,-0.07777777777777779,4777.0,36.0
PALM,0,195,-436.4500000000001,-0.08125000000000002,4809.0,32.0
PALM,0,196,-438.8000000000001,-0.08703703703703705,4836.0,27.0
PALM,0,197,-441.5000000000001,-0.07941176470588239,4870.0,34.0
PALM,0,198,-444.8000000000001,-0.07173913043478261,4916.0,46.0
PALM,0,199,-447.15000000000015,-0.08703703703703705,4943.0,27.0
