agent,trial,episode,cumulativeReward,averageReward,cumulativeSteps,numSteps
PALM with expert AMDP,0,0,-69.39999999999814,-0.04928977272727141,1408.0,1408.0
PALM with expert AMDP,0,1,-82.3499999999982,-0.04641577060931922,1687.0,279.0
PALM with expert AMDP,0,2,-92.54999999999822,-0.045535714285714395,1911.0,224.0
PALM with expert AMDP,0,3,-93.34999999999822,-0.022222222222222247,1947.0,36.0
PALM with expert AMDP,0,4,-93.09999999999822,0.01666666666666666,1962.0,15.0
PALM with expert AMDP,0,5,-93.94999999999821,-0.022972972972973,1999.0,37.0
PALM with expert AMDP,0,6,-93.99999999999821,-0.0023809523809523937,2020.0,21.0
PALM with expert AMDP,0,7,-93.8499999999982,0.008823529411764694,2037.0,17.0
PALM with expert AMDP,0,8,-93.6999999999982,0.008823529411764694,2054.0,17.0
PALM with expert AMDP,0,9,-93.6499999999982,0.002631578947368406,2073.0,19.0
PALM with expert AMDP,0,10,-93.5999999999982,0.002631578947368406,2092.0,19.0
PALM with expert AMDP,0,11,-93.5499999999982,0.002631578947368406,2111.0,19.0
PALM with expert AMDP,0,12,-93.2999999999982,0.01666666666666666,2126.0,15.0
PALM with expert AMDP,0,13,-93.0499999999982,0.01666666666666666,2141.0,15.0
PALM with expert AMDP,0,14,-92.7999999999982,0.01666666666666666,2156.0,15.0
PALM with expert AMDP,0,15,-92.5499999999982,0.01666666666666666,2171.0,15.0
PALM with expert AMDP,0,16,-92.2999999999982,0.01666666666666666,2186.0,15.0
PALM with expert AMDP,0,17,-92.0499999999982,0.01666666666666666,2201.0,15.0
PALM with expert AMDP,0,18,-91.7999999999982,0.01666666666666666,2216.0,15.0
PALM with expert AMDP,0,19,-91.5499999999982,0.01666666666666666,2231.0,15.0
PALM with expert AMDP,0,20,-91.2999999999982,0.01666666666666666,2246.0,15.0
PALM with expert AMDP,0,21,-91.0499999999982,0.01666666666666666,2261.0,15.0
PALM with expert AMDP,0,22,-90.7999999999982,0.01666666666666666,2276.0,15.0
PALM with expert AMDP,0,23,-90.5499999999982,0.01666666666666666,2291.0,15.0
PALM with expert AMDP,0,24,-90.2999999999982,0.01666666666666666,2306.0,15.0
PALM with expert AMDP,0,25,-90.0499999999982,0.01666666666666666,2321.0,15.0
PALM with expert AMDP,0,26,-89.7999999999982,0.01666666666666666,2336.0,15.0
PALM with expert AMDP,0,27,-89.5499999999982,0.01666666666666666,2351.0,15.0
PALM with expert AMDP,0,28,-89.2999999999982,0.01666666666666666,2366.0,15.0
PALM with expert AMDP,0,29,-89.0499999999982,0.01666666666666666,2381.0,15.0
PALM with expert AMDP,0,30,-88.7999999999982,0.01666666666666666,2396.0,15.0
PALM with expert AMDP,0,31,-88.5499999999982,0.01666666666666666,2411.0,15.0
PALM with expert AMDP,0,32,-88.2999999999982,0.01666666666666666,2426.0,15.0
PALM with expert AMDP,0,33,-88.0499999999982,0.01666666666666666,2441.0,15.0
PALM with expert AMDP,0,34,-87.7999999999982,0.01666666666666666,2456.0,15.0
PALM with expert AMDP,0,35,-87.5499999999982,0.01666666666666666,2471.0,15.0
PALM with expert AMDP,0,36,-87.2999999999982,0.01666666666666666,2486.0,15.0
PALM with expert AMDP,0,37,-87.0499999999982,0.01666666666666666,2501.0,15.0
PALM with expert AMDP,0,38,-86.7999999999982,0.01666666666666666,2516.0,15.0
PALM with expert AMDP,0,39,-86.5499999999982,0.01666666666666666,2531.0,15.0
PALM with expert AMDP,0,40,-86.2999999999982,0.01666666666666666,2546.0,15.0
PALM with expert AMDP,0,41,-86.0499999999982,0.01666666666666666,2561.0,15.0
PALM with expert AMDP,0,42,-85.7999999999982,0.01666666666666666,2576.0,15.0
PALM with expert AMDP,0,43,-85.5499999999982,0.01666666666666666,2591.0,15.0
PALM with expert AMDP,0,44,-85.2999999999982,0.01666666666666666,2606.0,15.0
PALM with expert AMDP,0,45,-85.0499999999982,0.01666666666666666,2621.0,15.0
PALM with expert AMDP,0,46,-84.7999999999982,0.01666666666666666,2636.0,15.0
PALM with expert AMDP,0,47,-84.5499999999982,0.01666666666666666,2651.0,15.0
PALM with expert AMDP,0,48,-84.2999999999982,0.01666666666666666,2666.0,15.0
PALM with expert AMDP,0,49,-84.0499999999982,0.01666666666666666,2681.0,15.0
PALM with expert AMDP,0,50,-83.7999999999982,0.01666666666666666,2696.0,15.0
PALM with expert AMDP,0,51,-83.5499999999982,0.01666666666666666,2711.0,15.0
PALM with expert AMDP,0,52,-83.2999999999982,0.01666666666666666,2726.0,15.0
PALM with expert AMDP,0,53,-83.0499999999982,0.01666666666666666,2741.0,15.0
PALM with expert AMDP,0,54,-82.7999999999982,0.01666666666666666,2756.0,15.0
PALM with expert AMDP,0,55,-82.5499999999982,0.01666666666666666,2771.0,15.0
PALM with expert AMDP,0,56,-82.2999999999982,0.01666666666666666,2786.0,15.0
PALM with expert AMDP,0,57,-82.0499999999982,0.01666666666666666,2801.0,15.0
PALM with expert AMDP,0,58,-81.7999999999982,0.01666666666666666,2816.0,15.0
PALM with expert AMDP,0,59,-81.5499999999982,0.01666666666666666,2831.0,15.0
PALM with expert AMDP,0,60,-81.2999999999982,0.01666666666666666,2846.0,15.0
PALM with expert AMDP,0,61,-81.0499999999982,0.01666666666666666,2861.0,15.0
PALM with expert AMDP,0,62,-80.7999999999982,0.01666666666666666,2876.0,15.0
PALM with expert AMDP,0,63,-80.5499999999982,0.01666666666666666,2891.0,15.0
PALM with expert AMDP,0,64,-80.2999999999982,0.01666666666666666,2906.0,15.0
PALM with expert AMDP,0,65,-80.0499999999982,0.01666666666666666,2921.0,15.0
PALM with expert AMDP,0,66,-79.7999999999982,0.01666666666666666,2936.0,15.0
PALM with expert AMDP,0,67,-79.5499999999982,0.01666666666666666,2951.0,15.0
PALM with expert AMDP,0,68,-79.2999999999982,0.01666666666666666,2966.0,15.0
PALM with expert AMDP,0,69,-79.0499999999982,0.01666666666666666,2981.0,15.0
PALM with expert AMDP,0,70,-78.7999999999982,0.01666666666666666,2996.0,15.0
PALM with expert AMDP,0,71,-78.5499999999982,0.01666666666666666,3011.0,15.0
PALM with expert AMDP,0,72,-78.2999999999982,0.01666666666666666,3026.0,15.0
PALM with expert AMDP,0,73,-78.0499999999982,0.01666666666666666,3041.0,15.0
PALM with expert AMDP,0,74,-77.7999999999982,0.01666666666666666,3056.0,15.0
PALM with expert AMDP,0,75,-77.5499999999982,0.01666666666666666,3071.0,15.0
PALM with expert AMDP,0,76,-77.2999999999982,0.01666666666666666,3086.0,15.0
PALM with expert AMDP,0,77,-77.0499999999982,0.01666666666666666,3101.0,15.0
PALM with expert AMDP,0,78,-76.7999999999982,0.01666666666666666,3116.0,15.0
PALM with expert AMDP,0,79,-76.5499999999982,0.01666666666666666,3131.0,15.0
PALM with expert AMDP,0,80,-76.2999999999982,0.01666666666666666,3146.0,15.0
PALM with expert AMDP,0,81,-76.0499999999982,0.01666666666666666,3161.0,15.0
PALM with expert AMDP,0,82,-75.7999999999982,0.01666666666666666,3176.0,15.0
PALM with expert AMDP,0,83,-75.5499999999982,0.01666666666666666,3191.0,15.0
PALM with expert AMDP,0,84,-75.2999999999982,0.01666666666666666,3206.0,15.0
PALM with expert AMDP,0,85,-75.0499999999982,0.01666666666666666,3221.0,15.0
PALM with expert AMDP,0,86,-74.7999999999982,0.01666666666666666,3236.0,15.0
PALM with expert AMDP,0,87,-74.5499999999982,0.01666666666666666,3251.0,15.0
PALM with expert AMDP,0,88,-74.2999999999982,0.01666666666666666,3266.0,15.0
PALM with expert AMDP,0,89,-74.0499999999982,0.01666666666666666,3281.0,15.0
PALM with expert AMDP,0,90,-73.7999999999982,0.01666666666666666,3296.0,15.0
PALM with expert AMDP,0,91,-73.5499999999982,0.01666666666666666,3311.0,15.0
PALM with expert AMDP,0,92,-73.2999999999982,0.01666666666666666,3326.0,15.0
PALM with expert AMDP,0,93,-73.0499999999982,0.01666666666666666,3341.0,15.0
PALM with expert AMDP,0,94,-72.7999999999982,0.01666666666666666,3356.0,15.0
PALM with expert AMDP,0,95,-72.5499999999982,0.01666666666666666,3371.0,15.0
PALM with expert AMDP,0,96,-72.2999999999982,0.01666666666666666,3386.0,15.0
PALM with expert AMDP,0,97,-72.0499999999982,0.01666666666666666,3401.0,15.0
PALM with expert AMDP,0,98,-71.7999999999982,0.01666666666666666,3416.0,15.0
PALM with expert AMDP,0,99,-71.5499999999982,0.01666666666666666,3431.0,15.0
PALM with expert AMDP,0,100,-71.2999999999982,0.01666666666666666,3446.0,15.0
PALM with expert AMDP,0,101,-71.0499999999982,0.01666666666666666,3461.0,15.0
PALM with expert AMDP,0,102,-70.7999999999982,0.01666666666666666,3476.0,15.0
PALM with expert AMDP,0,103,-70.5499999999982,0.01666666666666666,3491.0,15.0
PALM with expert AMDP,0,104,-70.2999999999982,0.01666666666666666,3506.0,15.0
PALM with expert AMDP,0,105,-70.0499999999982,0.01666666666666666,3521.0,15.0
PALM with expert AMDP,0,106,-69.7999999999982,0.01666666666666666,3536.0,15.0
PALM with expert AMDP,0,107,-69.5499999999982,0.01666666666666666,3551.0,15.0
PALM with expert AMDP,0,108,-69.2999999999982,0.01666666666666666,3566.0,15.0
PALM with expert AMDP,0,109,-69.0499999999982,0.01666666666666666,3581.0,15.0
PALM with expert AMDP,0,110,-68.7999999999982,0.01666666666666666,3596.0,15.0
PALM with expert AMDP,0,111,-68.5499999999982,0.01666666666666666,3611.0,15.0
PALM with expert AMDP,0,112,-68.2999999999982,0.01666666666666666,3626.0,15.0
PALM with expert AMDP,0,113,-68.0499999999982,0.01666666666666666,3641.0,15.0
PALM with expert AMDP,0,114,-67.7999999999982,0.01666666666666666,3656.0,15.0
PALM with expert AMDP,0,115,-67.5499999999982,0.01666666666666666,3671.0,15.0
PALM with expert AMDP,0,116,-67.2999999999982,0.01666666666666666,3686.0,15.0
PALM with expert AMDP,0,117,-67.0499999999982,0.01666666666666666,3701.0,15.0
PALM with expert AMDP,0,118,-66.7999999999982,0.01666666666666666,3716.0,15.0
PALM with expert AMDP,0,119,-66.5499999999982,0.01666666666666666,3731.0,15.0
PALM with expert AMDP,0,120,-66.2999999999982,0.01666666666666666,3746.0,15.0
PALM with expert AMDP,0,121,-66.0499999999982,0.01666666666666666,3761.0,15.0
PALM with expert AMDP,0,122,-65.7999999999982,0.01666666666666666,3776.0,15.0
PALM with expert AMDP,0,123,-65.5499999999982,0.01666666666666666,3791.0,15.0
PALM with expert AMDP,0,124,-65.2999999999982,0.01666666666666666,3806.0,15.0
PALM with expert AMDP,0,125,-65.0499999999982,0.01666666666666666,3821.0,15.0
PALM with expert AMDP,0,126,-64.7999999999982,0.01666666666666666,3836.0,15.0
PALM with expert AMDP,0,127,-64.5499999999982,0.01666666666666666,3851.0,15.0
PALM with expert AMDP,0,128,-64.2999999999982,0.01666666666666666,3866.0,15.0
PALM with expert AMDP,0,129,-64.0499999999982,0.01666666666666666,3881.0,15.0
PALM with expert AMDP,0,130,-63.79999999999821,0.01666666666666666,3896.0,15.0
PALM with expert AMDP,0,131,-63.54999999999821,0.01666666666666666,3911.0,15.0
PALM with expert AMDP,0,132,-63.29999999999821,0.01666666666666666,3926.0,15.0
PALM with expert AMDP,0,133,-63.04999999999821,0.01666666666666666,3941.0,15.0
PALM with expert AMDP,0,134,-62.79999999999821,0.01666666666666666,3956.0,15.0
PALM with expert AMDP,0,135,-62.54999999999821,0.01666666666666666,3971.0,15.0
PALM with expert AMDP,0,136,-62.29999999999821,0.01666666666666666,3986.0,15.0
PALM with expert AMDP,0,137,-62.04999999999821,0.01666666666666666,4001.0,15.0
PALM with expert AMDP,0,138,-61.79999999999821,0.01666666666666666,4016.0,15.0
PALM with expert AMDP,0,139,-61.54999999999821,0.01666666666666666,4031.0,15.0
PALM with expert AMDP,0,140,-61.29999999999821,0.01666666666666666,4046.0,15.0
PALM with expert AMDP,0,141,-61.04999999999821,0.01666666666666666,4061.0,15.0
PALM with expert AMDP,0,142,-60.79999999999821,0.01666666666666666,4076.0,15.0
PALM with expert AMDP,0,143,-60.54999999999821,0.01666666666666666,4091.0,15.0
PALM with expert AMDP,0,144,-60.29999999999821,0.01666666666666666,4106.0,15.0
PALM with expert AMDP,0,145,-60.04999999999821,0.01666666666666666,4121.0,15.0
PALM with expert AMDP,0,146,-59.79999999999821,0.01666666666666666,4136.0,15.0
PALM with expert AMDP,0,147,-59.54999999999821,0.01666666666666666,4151.0,15.0
PALM with expert AMDP,0,148,-59.29999999999821,0.01666666666666666,4166.0,15.0
PALM with expert AMDP,0,149,-59.04999999999821,0.01666666666666666,4181.0,15.0
PALM with expert AMDP,0,150,-58.79999999999821,0.01666666666666666,4196.0,15.0
PALM with expert AMDP,0,151,-58.54999999999821,0.01666666666666666,4211.0,15.0
PALM with expert AMDP,0,152,-58.29999999999821,0.01666666666666666,4226.0,15.0
PALM with expert AMDP,0,153,-58.04999999999821,0.01666666666666666,4241.0,15.0
PALM with expert AMDP,0,154,-57.79999999999821,0.01666666666666666,4256.0,15.0
PALM with expert AMDP,0,155,-57.54999999999821,0.01666666666666666,4271.0,15.0
PALM with expert AMDP,0,156,-57.29999999999821,0.01666666666666666,4286.0,15.0
PALM with expert AMDP,0,157,-57.04999999999821,0.01666666666666666,4301.0,15.0
PALM with expert AMDP,0,158,-56.79999999999821,0.01666666666666666,4316.0,15.0
PALM with expert AMDP,0,159,-56.54999999999821,0.01666666666666666,4331.0,15.0
PALM with expert AMDP,0,160,-56.29999999999821,0.01666666666666666,4346.0,15.0
PALM with expert AMDP,0,161,-56.04999999999821,0.01666666666666666,4361.0,15.0
PALM with expert AMDP,0,162,-55.79999999999821,0.01666666666666666,4376.0,15.0
PALM with expert AMDP,0,163,-55.54999999999821,0.01666666666666666,4391.0,15.0
PALM with expert AMDP,0,164,-55.29999999999821,0.01666666666666666,4406.0,15.0
PALM with expert AMDP,0,165,-55.04999999999821,0.01666666666666666,4421.0,15.0
PALM with expert AMDP,0,166,-54.79999999999821,0.01666666666666666,4436.0,15.0
PALM with expert AMDP,0,167,-54.54999999999821,0.01666666666666666,4451.0,15.0
PALM with expert AMDP,0,168,-54.29999999999821,0.01666666666666666,4466.0,15.0
PALM with expert AMDP,0,169,-54.04999999999821,0.01666666666666666,4481.0,15.0
PALM with expert AMDP,0,170,-53.79999999999821,0.01666666666666666,4496.0,15.0
PALM with expert AMDP,0,171,-53.54999999999821,0.01666666666666666,4511.0,15.0
PALM with expert AMDP,0,172,-53.29999999999821,0.01666666666666666,4526.0,15.0
PALM with expert AMDP,0,173,-53.04999999999821,0.01666666666666666,4541.0,15.0
PALM with expert AMDP,0,174,-52.79999999999821,0.01666666666666666,4556.0,15.0
PALM with expert AMDP,0,175,-52.54999999999821,0.01666666666666666,4571.0,15.0
PALM with expert AMDP,0,176,-52.29999999999821,0.01666666666666666,4586.0,15.0
PALM with expert AMDP,0,177,-52.04999999999821,0.01666666666666666,4601.0,15.0
PALM with expert AMDP,0,178,-51.79999999999821,0.01666666666666666,4616.0,15.0
PALM with expert AMDP,0,179,-51.54999999999821,0.01666666666666666,4631.0,15.0
PALM with expert AMDP,0,180,-51.29999999999821,0.01666666666666666,4646.0,15.0
PALM with expert AMDP,0,181,-51.04999999999821,0.01666666666666666,4661.0,15.0
PALM with expert AMDP,0,182,-50.79999999999821,0.01666666666666666,4676.0,15.0
PALM with expert AMDP,0,183,-50.54999999999821,0.01666666666666666,4691.0,15.0
PALM with expert AMDP,0,184,-50.29999999999821,0.01666666666666666,4706.0,15.0
PALM with expert AMDP,0,185,-50.04999999999821,0.01666666666666666,4721.0,15.0
PALM with expert AMDP,0,186,-49.79999999999821,0.01666666666666666,4736.0,15.0
PALM with expert AMDP,0,187,-49.54999999999821,0.01666666666666666,4751.0,15.0
PALM with expert AMDP,0,188,-49.29999999999821,0.01666666666666666,4766.0,15.0
PALM with expert AMDP,0,189,-49.04999999999821,0.01666666666666666,4781.0,15.0
PALM with expert AMDP,0,190,-48.79999999999821,0.01666666666666666,4796.0,15.0
PALM with expert AMDP,0,191,-48.54999999999821,0.01666666666666666,4811.0,15.0
PALM with expert AMDP,0,192,-48.29999999999821,0.01666666666666666,4826.0,15.0
PALM with expert AMDP,0,193,-48.04999999999821,0.01666666666666666,4841.0,15.0
PALM with expert AMDP,0,194,-47.79999999999821,0.01666666666666666,4856.0,15.0
PALM with expert AMDP,0,195,-47.54999999999821,0.01666666666666666,4871.0,15.0
PALM with expert AMDP,0,196,-47.29999999999821,0.01666666666666666,4886.0,15.0
PALM with expert AMDP,0,197,-47.04999999999821,0.01666666666666666,4901.0,15.0
PALM with expert AMDP,0,198,-46.79999999999821,0.01666666666666666,4916.0,15.0
PALM with expert AMDP,0,199,-46.54999999999821,0.01666666666666666,4931.0,15.0
