agent,trial,episode,cumulativeReward,averageReward,cumulativeSteps,numSteps
PALM with expert AMDP,0,0,0.0,0.0,39.0,39.0
PALM with expert AMDP,0,1,0.0,0.0,109.0,70.0
PALM with expert AMDP,0,2,0.0,0.0,189.0,80.0
PALM with expert AMDP,0,3,0.0,0.0,200.0,11.0
PALM with expert AMDP,0,4,0.0,0.0,276.0,76.0
PALM with expert AMDP,0,5,0.0,0.0,288.0,12.0
PALM with expert AMDP,0,6,0.0,0.0,325.0,37.0
PALM with expert AMDP,0,7,0.0,0.0,425.0,100.0
PALM with expert AMDP,0,8,0.0,0.0,446.0,21.0
PALM with expert AMDP,0,9,0.0,0.0,469.0,23.0
PALM with expert AMDP,0,10,0.0,0.0,569.0,100.0
PALM with expert AMDP,0,11,0.0,0.0,584.0,15.0
PALM with expert AMDP,0,12,0.0,0.0,593.0,9.0
PALM with expert AMDP,0,13,0.0,0.0,605.0,12.0
PALM with expert AMDP,0,14,0.0,0.0,640.0,35.0
PALM with expert AMDP,0,15,0.0,0.0,740.0,100.0
PALM with expert AMDP,0,16,0.0,0.0,776.0,36.0
PALM with expert AMDP,0,17,0.0,0.0,836.0,60.0
PALM with expert AMDP,0,18,0.0,0.0,882.0,46.0
PALM with expert AMDP,0,19,0.0,0.0,912.0,30.0
PALM with expert AMDP,0,20,0.0,0.0,1012.0,100.0
PALM with expert AMDP,0,21,0.0,0.0,1065.0,53.0
PALM with expert AMDP,0,22,0.0,0.0,1078.0,13.0
PALM with expert AMDP,0,23,0.0,0.0,1141.0,63.0
PALM with expert AMDP,0,24,0.0,0.0,1170.0,29.0
PALM with expert AMDP,0,25,0.0,0.0,1256.0,86.0
PALM with expert AMDP,0,26,0.0,0.0,1329.0,73.0
PALM with expert AMDP,0,27,0.0,0.0,1429.0,100.0
PALM with expert AMDP,0,28,0.0,0.0,1529.0,100.0
PALM with expert AMDP,0,29,0.0,0.0,1571.0,42.0
PALM with expert AMDP,0,30,0.0,0.0,1587.0,16.0
PALM with expert AMDP,0,31,0.0,0.0,1687.0,100.0
PALM with expert AMDP,0,32,0.0,0.0,1761.0,74.0
PALM with expert AMDP,0,33,0.0,0.0,1772.0,11.0
PALM with expert AMDP,0,34,0.0,0.0,1872.0,100.0
PALM with expert AMDP,0,35,0.0,0.0,1891.0,19.0
PALM with expert AMDP,0,36,0.0,0.0,1991.0,100.0
PALM with expert AMDP,0,37,0.0,0.0,2043.0,52.0
PALM with expert AMDP,0,38,0.0,0.0,2140.0,97.0
PALM with expert AMDP,0,39,0.0,0.0,2181.0,41.0
PALM with expert AMDP,0,40,0.0,0.0,2198.0,17.0
PALM with expert AMDP,0,41,0.0,0.0,2298.0,100.0
PALM with expert AMDP,0,42,0.0,0.0,2315.0,17.0
PALM with expert AMDP,0,43,0.0,0.0,2328.0,13.0
PALM with expert AMDP,0,44,0.0,0.0,2350.0,22.0
PALM with expert AMDP,0,45,0.0,0.0,2376.0,26.0
PALM with expert AMDP,0,46,0.0,0.0,2457.0,81.0
PALM with expert AMDP,0,47,0.0,0.0,2477.0,20.0
PALM with expert AMDP,0,48,0.0,0.0,2481.0,4.0
PALM with expert AMDP,0,49,0.0,0.0,2491.0,10.0
PALM with expert AMDP,0,50,0.0,0.0,2579.0,88.0
PALM with expert AMDP,0,51,0.0,0.0,2679.0,100.0
PALM with expert AMDP,0,52,0.0,0.0,2779.0,100.0
PALM with expert AMDP,0,53,0.0,0.0,2879.0,100.0
PALM with expert AMDP,0,54,0.0,0.0,2898.0,19.0
PALM with expert AMDP,0,55,0.0,0.0,2902.0,4.0
PALM with expert AMDP,0,56,0.0,0.0,2909.0,7.0
PALM with expert AMDP,0,57,0.0,0.0,2913.0,4.0
PALM with expert AMDP,0,58,0.0,0.0,2921.0,8.0
PALM with expert AMDP,0,59,0.0,0.0,2925.0,4.0
PALM with expert AMDP,0,60,0.0,0.0,2931.0,6.0
PALM with expert AMDP,0,61,0.0,0.0,2935.0,4.0
PALM with expert AMDP,0,62,0.0,0.0,2942.0,7.0
PALM with expert AMDP,0,63,0.0,0.0,2949.0,7.0
PALM with expert AMDP,0,64,0.0,0.0,2953.0,4.0
PALM with expert AMDP,0,65,0.0,0.0,2957.0,4.0
PALM with expert AMDP,0,66,0.0,0.0,2994.0,37.0
PALM with expert AMDP,0,67,0.0,0.0,2998.0,4.0
PALM with expert AMDP,0,68,0.0,0.0,3016.0,18.0
PALM with expert AMDP,0,69,0.0,0.0,3020.0,4.0
PALM with expert AMDP,0,70,0.0,0.0,3024.0,4.0
PALM with expert AMDP,0,71,0.0,0.0,3035.0,11.0
PALM with expert AMDP,0,72,0.0,0.0,3039.0,4.0
PALM with expert AMDP,0,73,0.0,0.0,3043.0,4.0
PALM with expert AMDP,0,74,0.0,0.0,3078.0,35.0
PALM with expert AMDP,0,75,0.0,0.0,3087.0,9.0
PALM with expert AMDP,0,76,0.0,0.0,3091.0,4.0
PALM with expert AMDP,0,77,0.0,0.0,3095.0,4.0
PALM with expert AMDP,0,78,0.0,0.0,3099.0,4.0
PALM with expert AMDP,0,79,0.0,0.0,3106.0,7.0
PALM with expert AMDP,0,80,0.0,0.0,3110.0,4.0
PALM with expert AMDP,0,81,0.0,0.0,3114.0,4.0
PALM with expert AMDP,0,82,0.0,0.0,3165.0,51.0
PALM with expert AMDP,0,83,0.0,0.0,3172.0,7.0
PALM with expert AMDP,0,84,0.0,0.0,3193.0,21.0
PALM with expert AMDP,0,85,0.0,0.0,3293.0,100.0
PALM with expert AMDP,0,86,0.0,0.0,3297.0,4.0
PALM with expert AMDP,0,87,0.0,0.0,3301.0,4.0
PALM with expert AMDP,0,88,0.0,0.0,3307.0,6.0
PALM with expert AMDP,0,89,0.0,0.0,3311.0,4.0
PALM with expert AMDP,0,90,0.0,0.0,3315.0,4.0
PALM with expert AMDP,0,91,0.0,0.0,3319.0,4.0
PALM with expert AMDP,0,92,0.0,0.0,3323.0,4.0
PALM with expert AMDP,0,93,0.0,0.0,3327.0,4.0
PALM with expert AMDP,0,94,0.0,0.0,3331.0,4.0
PALM with expert AMDP,0,95,0.0,0.0,3335.0,4.0
PALM with expert AMDP,0,96,0.0,0.0,3339.0,4.0
PALM with expert AMDP,0,97,0.0,0.0,3343.0,4.0
PALM with expert AMDP,0,98,0.0,0.0,3356.0,13.0
PALM with expert AMDP,0,99,0.0,0.0,3360.0,4.0
PALM with expert AMDP,0,100,0.0,0.0,3364.0,4.0
PALM with expert AMDP,0,101,0.0,0.0,3368.0,4.0
PALM with expert AMDP,0,102,0.0,0.0,3372.0,4.0
PALM with expert AMDP,0,103,0.0,0.0,3376.0,4.0
PALM with expert AMDP,0,104,0.0,0.0,3380.0,4.0
PALM with expert AMDP,0,105,0.0,0.0,3444.0,64.0
PALM with expert AMDP,0,106,0.0,0.0,3448.0,4.0
PALM with expert AMDP,0,107,0.0,0.0,3452.0,4.0
PALM with expert AMDP,0,108,0.0,0.0,3456.0,4.0
PALM with expert AMDP,0,109,0.0,0.0,3461.0,5.0
PALM with expert AMDP,0,110,0.0,0.0,3465.0,4.0
PALM with expert AMDP,0,111,0.0,0.0,3469.0,4.0
PALM with expert AMDP,0,112,0.0,0.0,3473.0,4.0
PALM with expert AMDP,0,113,0.0,0.0,3483.0,10.0
PALM with expert AMDP,0,114,0.0,0.0,3487.0,4.0
PALM with expert AMDP,0,115,0.0,0.0,3491.0,4.0
PALM with expert AMDP,0,116,0.0,0.0,3495.0,4.0
PALM with expert AMDP,0,117,0.0,0.0,3499.0,4.0
PALM with expert AMDP,0,118,0.0,0.0,3503.0,4.0
PALM with expert AMDP,0,119,0.0,0.0,3507.0,4.0
PALM with expert AMDP,0,120,0.0,0.0,3511.0,4.0
PALM with expert AMDP,0,121,0.0,0.0,3515.0,4.0
PALM with expert AMDP,0,122,0.0,0.0,3519.0,4.0
PALM with expert AMDP,0,123,0.0,0.0,3523.0,4.0
PALM with expert AMDP,0,124,0.0,0.0,3527.0,4.0
PALM with expert AMDP,0,125,0.0,0.0,3531.0,4.0
PALM with expert AMDP,0,126,0.0,0.0,3538.0,7.0
PALM with expert AMDP,0,127,0.0,0.0,3542.0,4.0
PALM with expert AMDP,0,128,0.0,0.0,3546.0,4.0
PALM with expert AMDP,0,129,0.0,0.0,3550.0,4.0
PALM with expert AMDP,0,130,0.0,0.0,3554.0,4.0
PALM with expert AMDP,0,131,0.0,0.0,3558.0,4.0
PALM with expert AMDP,0,132,0.0,0.0,3562.0,4.0
PALM with expert AMDP,0,133,0.0,0.0,3566.0,4.0
PALM with expert AMDP,0,134,0.0,0.0,3572.0,6.0
PALM with expert AMDP,0,135,0.0,0.0,3576.0,4.0
PALM with expert AMDP,0,136,0.0,0.0,3580.0,4.0
PALM with expert AMDP,0,137,0.0,0.0,3584.0,4.0
PALM with expert AMDP,0,138,0.0,0.0,3588.0,4.0
PALM with expert AMDP,0,139,0.0,0.0,3592.0,4.0
PALM with expert AMDP,0,140,0.0,0.0,3596.0,4.0
PALM with expert AMDP,0,141,0.0,0.0,3600.0,4.0
PALM with expert AMDP,0,142,0.0,0.0,3604.0,4.0
PALM with expert AMDP,0,143,0.0,0.0,3608.0,4.0
PALM with expert AMDP,0,144,0.0,0.0,3612.0,4.0
PALM with expert AMDP,0,145,0.0,0.0,3616.0,4.0
PALM with expert AMDP,0,146,0.0,0.0,3620.0,4.0
PALM with expert AMDP,0,147,0.0,0.0,3668.0,48.0
PALM with expert AMDP,0,148,0.0,0.0,3672.0,4.0
PALM with expert AMDP,0,149,0.0,0.0,3676.0,4.0
PALM with expert AMDP,0,150,0.0,0.0,3735.0,59.0
PALM with expert AMDP,0,151,0.0,0.0,3739.0,4.0
PALM with expert AMDP,0,152,0.0,0.0,3743.0,4.0
PALM with expert AMDP,0,153,0.0,0.0,3747.0,4.0
PALM with expert AMDP,0,154,0.0,0.0,3751.0,4.0
PALM with expert AMDP,0,155,0.0,0.0,3755.0,4.0
PALM with expert AMDP,0,156,0.0,0.0,3759.0,4.0
PALM with expert AMDP,0,157,0.0,0.0,3763.0,4.0
PALM with expert AMDP,0,158,0.0,0.0,3767.0,4.0
PALM with expert AMDP,0,159,0.0,0.0,3771.0,4.0
PALM with expert AMDP,0,160,0.0,0.0,3775.0,4.0
PALM with expert AMDP,0,161,0.0,0.0,3779.0,4.0
PALM with expert AMDP,0,162,0.0,0.0,3783.0,4.0
PALM with expert AMDP,0,163,0.0,0.0,3792.0,9.0
PALM with expert AMDP,0,164,0.0,0.0,3796.0,4.0
PALM with expert AMDP,0,165,0.0,0.0,3800.0,4.0
PALM with expert AMDP,0,166,0.0,0.0,3804.0,4.0
PALM with expert AMDP,0,167,0.0,0.0,3808.0,4.0
PALM with expert AMDP,0,168,0.0,0.0,3812.0,4.0
PALM with expert AMDP,0,169,0.0,0.0,3816.0,4.0
PALM with expert AMDP,0,170,0.0,0.0,3820.0,4.0
PALM with expert AMDP,0,171,0.0,0.0,3824.0,4.0
PALM with expert AMDP,0,172,0.0,0.0,3828.0,4.0
PALM with expert AMDP,0,173,0.0,0.0,3832.0,4.0
PALM with expert AMDP,0,174,0.0,0.0,3836.0,4.0
PALM with expert AMDP,0,175,0.0,0.0,3840.0,4.0
PALM with expert AMDP,0,176,0.0,0.0,3844.0,4.0
PALM with expert AMDP,0,177,0.0,0.0,3848.0,4.0
PALM with expert AMDP,0,178,0.0,0.0,3852.0,4.0
PALM with expert AMDP,0,179,0.0,0.0,3856.0,4.0
PALM with expert AMDP,0,180,0.0,0.0,3860.0,4.0
PALM with expert AMDP,0,181,0.0,0.0,3864.0,4.0
PALM with expert AMDP,0,182,0.0,0.0,3868.0,4.0
PALM with expert AMDP,0,183,0.0,0.0,3872.0,4.0
PALM with expert AMDP,0,184,0.0,0.0,3876.0,4.0
PALM with expert AMDP,0,185,0.0,0.0,3880.0,4.0
PALM with expert AMDP,0,186,0.0,0.0,3884.0,4.0
PALM with expert AMDP,0,187,0.0,0.0,3888.0,4.0
PALM with expert AMDP,0,188,0.0,0.0,3892.0,4.0
PALM with expert AMDP,0,189,0.0,0.0,3896.0,4.0
PALM with expert AMDP,0,190,0.0,0.0,3900.0,4.0
PALM with expert AMDP,0,191,0.0,0.0,3904.0,4.0
PALM with expert AMDP,0,192,0.0,0.0,3910.0,6.0
PALM with expert AMDP,0,193,0.0,0.0,3914.0,4.0
PALM with expert AMDP,0,194,0.0,0.0,3918.0,4.0
PALM with expert AMDP,0,195,0.0,0.0,3922.0,4.0
PALM with expert AMDP,0,196,0.0,0.0,3926.0,4.0
PALM with expert AMDP,0,197,0.0,0.0,3930.0,4.0
PALM with expert AMDP,0,198,0.0,0.0,3934.0,4.0
PALM with expert AMDP,0,199,0.0,0.0,3938.0,4.0
PALM with expert AMDP,0,200,0.0,0.0,3942.0,4.0
PALM with expert AMDP,0,201,0.0,0.0,3946.0,4.0
PALM with expert AMDP,0,202,0.0,0.0,3950.0,4.0
PALM with expert AMDP,0,203,0.0,0.0,3954.0,4.0
PALM with expert AMDP,0,204,0.0,0.0,3958.0,4.0
PALM with expert AMDP,0,205,0.0,0.0,3962.0,4.0
PALM with expert AMDP,0,206,0.0,0.0,3966.0,4.0
PALM with expert AMDP,0,207,0.0,0.0,3970.0,4.0
PALM with expert AMDP,0,208,0.0,0.0,3974.0,4.0
PALM with expert AMDP,0,209,0.0,0.0,3978.0,4.0
PALM with expert AMDP,0,210,0.0,0.0,3982.0,4.0
PALM with expert AMDP,0,211,0.0,0.0,3986.0,4.0
PALM with expert AMDP,0,212,0.0,0.0,3990.0,4.0
PALM with expert AMDP,0,213,0.0,0.0,3994.0,4.0
PALM with expert AMDP,0,214,0.0,0.0,3998.0,4.0
PALM with expert AMDP,0,215,0.0,0.0,4002.0,4.0
PALM with expert AMDP,0,216,0.0,0.0,4006.0,4.0
PALM with expert AMDP,0,217,0.0,0.0,4010.0,4.0
PALM with expert AMDP,0,218,0.0,0.0,4014.0,4.0
PALM with expert AMDP,0,219,0.0,0.0,4018.0,4.0
PALM with expert AMDP,0,220,0.0,0.0,4022.0,4.0
PALM with expert AMDP,0,221,0.0,0.0,4026.0,4.0
PALM with expert AMDP,0,222,0.0,0.0,4030.0,4.0
PALM with expert AMDP,0,223,0.0,0.0,4034.0,4.0
PALM with expert AMDP,0,224,0.0,0.0,4046.0,12.0
PALM with expert AMDP,0,225,0.0,0.0,4050.0,4.0
PALM with expert AMDP,0,226,0.0,0.0,4054.0,4.0
PALM with expert AMDP,0,227,0.0,0.0,4058.0,4.0
PALM with expert AMDP,0,228,0.0,0.0,4062.0,4.0
PALM with expert AMDP,0,229,0.0,0.0,4066.0,4.0
PALM with expert AMDP,0,230,0.0,0.0,4070.0,4.0
PALM with expert AMDP,0,231,0.0,0.0,4074.0,4.0
PALM with expert AMDP,0,232,0.0,0.0,4078.0,4.0
PALM with expert AMDP,0,233,0.0,0.0,4082.0,4.0
PALM with expert AMDP,0,234,0.0,0.0,4086.0,4.0
PALM with expert AMDP,0,235,0.0,0.0,4090.0,4.0
PALM with expert AMDP,0,236,0.0,0.0,4094.0,4.0
PALM with expert AMDP,0,237,0.0,0.0,4098.0,4.0
PALM with expert AMDP,0,238,0.0,0.0,4102.0,4.0
PALM with expert AMDP,0,239,0.0,0.0,4106.0,4.0
PALM with expert AMDP,0,240,0.0,0.0,4110.0,4.0
PALM with expert AMDP,0,241,0.0,0.0,4114.0,4.0
PALM with expert AMDP,0,242,0.0,0.0,4118.0,4.0
PALM with expert AMDP,0,243,0.0,0.0,4122.0,4.0
PALM with expert AMDP,0,244,0.0,0.0,4126.0,4.0
PALM with expert AMDP,0,245,0.0,0.0,4130.0,4.0
PALM with expert AMDP,0,246,0.0,0.0,4134.0,4.0
PALM with expert AMDP,0,247,0.0,0.0,4138.0,4.0
PALM with expert AMDP,0,248,0.0,0.0,4142.0,4.0
PALM with expert AMDP,0,249,0.0,0.0,4146.0,4.0
PALM with expert AMDP,0,250,0.0,0.0,4150.0,4.0
PALM with expert AMDP,0,251,0.0,0.0,4154.0,4.0
PALM with expert AMDP,0,252,0.0,0.0,4158.0,4.0
PALM with expert AMDP,0,253,0.0,0.0,4162.0,4.0
PALM with expert AMDP,0,254,0.0,0.0,4166.0,4.0
PALM with expert AMDP,0,255,0.0,0.0,4170.0,4.0
PALM with expert AMDP,0,256,0.0,0.0,4174.0,4.0
PALM with expert AMDP,0,257,0.0,0.0,4178.0,4.0
PALM with expert AMDP,0,258,0.0,0.0,4182.0,4.0
PALM with expert AMDP,0,259,0.0,0.0,4186.0,4.0
PALM with expert AMDP,0,260,0.0,0.0,4190.0,4.0
PALM with expert AMDP,0,261,0.0,0.0,4194.0,4.0
PALM with expert AMDP,0,262,0.0,0.0,4198.0,4.0
PALM with expert AMDP,0,263,0.0,0.0,4202.0,4.0
PALM with expert AMDP,0,264,0.0,0.0,4206.0,4.0
PALM with expert AMDP,0,265,0.0,0.0,4210.0,4.0
PALM with expert AMDP,0,266,0.0,0.0,4214.0,4.0
PALM with expert AMDP,0,267,0.0,0.0,4218.0,4.0
PALM with expert AMDP,0,268,0.0,0.0,4222.0,4.0
PALM with expert AMDP,0,269,0.0,0.0,4226.0,4.0
PALM with expert AMDP,0,270,0.0,0.0,4230.0,4.0
PALM with expert AMDP,0,271,0.0,0.0,4234.0,4.0
PALM with expert AMDP,0,272,0.0,0.0,4238.0,4.0
PALM with expert AMDP,0,273,0.0,0.0,4242.0,4.0
PALM with expert AMDP,0,274,0.0,0.0,4246.0,4.0
PALM with expert AMDP,0,275,0.0,0.0,4250.0,4.0
PALM with expert AMDP,0,276,0.0,0.0,4254.0,4.0
PALM with expert AMDP,0,277,0.0,0.0,4258.0,4.0
PALM with expert AMDP,0,278,0.0,0.0,4262.0,4.0
PALM with expert AMDP,0,279,0.0,0.0,4266.0,4.0
PALM with expert AMDP,0,280,0.0,0.0,4270.0,4.0
PALM with expert AMDP,0,281,0.0,0.0,4274.0,4.0
PALM with expert AMDP,0,282,0.0,0.0,4278.0,4.0
PALM with expert AMDP,0,283,0.0,0.0,4282.0,4.0
PALM with expert AMDP,0,284,0.0,0.0,4286.0,4.0
PALM with expert AMDP,0,285,0.0,0.0,4290.0,4.0
PALM with expert AMDP,0,286,0.0,0.0,4294.0,4.0
PALM with expert AMDP,0,287,0.0,0.0,4298.0,4.0
PALM with expert AMDP,0,288,0.0,0.0,4302.0,4.0
PALM with expert AMDP,0,289,0.0,0.0,4306.0,4.0
PALM with expert AMDP,0,290,0.0,0.0,4310.0,4.0
PALM with expert AMDP,0,291,0.0,0.0,4314.0,4.0
PALM with expert AMDP,0,292,0.0,0.0,4318.0,4.0
PALM with expert AMDP,0,293,0.0,0.0,4322.0,4.0
PALM with expert AMDP,0,294,0.0,0.0,4326.0,4.0
PALM with expert AMDP,0,295,0.0,0.0,4330.0,4.0
PALM with expert AMDP,0,296,0.0,0.0,4334.0,4.0
PALM with expert AMDP,0,297,0.0,0.0,4338.0,4.0
PALM with expert AMDP,0,298,0.0,0.0,4342.0,4.0
PALM with expert AMDP,0,299,0.0,0.0,4346.0,4.0
